150     4.42
148     4.47
146     4.53
144     4.55
142     4.6
140     4.65
138     4.71
136     4.79
134     4.85
132     4.86
130     4.97
128     5
126     5.13
124     5.21
122     5.3
120     5.43
118     5.51
116     5.59
114     5.69
112     5.8
110     5.89
108     6.03
106     6.21
104     6.27
102     6.39
100     6.49
98      6.58
96      6.67
94      6.89
92      6.95
90      7.03
88      7.15
86      7.29
84      7.44
82      7.56
80      7.67
78      7.81
76      8.13
74      8.12
72      8.17
70      8.39
68      8.75
66      8.82
64      9.02
62      9.15
60      9.34
58      9.49
56      9.84
54      9.93
52      10.07
50      10.32
48      10.38
46      10.52
44      11.39
42      11.38
40      11.51
38      12.67
36      12.52
34      13.31
32      13.81
30      14.01