150     4.46
148     4.52
146     4.67
144     4.9
142     4.99
140     5.04
138     5.13
136     5.09
134     5.18
132     5.27
130     5.30
128     5.34
126     5.42
124     5.51
122     5.59
120     5.68
118     5.75
116     5.96 
114     5.96    
112     5.95
110     6.08
108     6.25
106     6.27
104     6.38
102     6.5
100     6.57
98      6.71
96      6.85
94      7.01
92      7.08
90      7.27
88      7.38
86      8.48
84      7.69
82      7.79
80      7.94
78      8.06
76      8.31
74      8.31
72      8.43
70      8.56
68      8.84
66      9.11
64      9.13
62      9.31
60      9.52
58      9.71
56      10.03
54      10.01
52      10.25
50      10.32
48      10.69
46      11.35
44      11.15
42      11.39
40      11.47
38      12.01
36      13.62
34      13.89
32      14.09
30      14.06