150     4.89
148     5.01
146     5.09
144     5.09
142     5.19
140     5.23
138     5.29
136     5.26
134     5.37
132     5.42
130     5.50
128     5.56
126     5.71
124     5.76
122     5.86
120     5.92
118     6.02
116     6.11
114     6.22
112     6.37
110     6.49
108     6.55
106     6.66
104     6.77
102     6.88
100     6.91
98      7.11
96      7.26
94      7.29
92      7.37
90      7.45
88      7.63
86      7.78
84      7.93
82      7.99
80      8.21
78      8.24
76      8.39
74      8.52
72      8.58
70      8.79
68      9.01
66      9.03
64      9.28
62      9.47
60      9.76
58      9.95
56      10.21
54      10.17
52      10.34
50      10.65
48      11.03
46      11.55
44      11.47
42      11.63
40      11.78
38      13.01
36      12.45
34      13.79
32      13.96
30      14.00