150     4.75
148     4.73
146     4.77
144     4.84
142     4.82
140     4.97
138     5.07
136     5.12
134     5.19
132     5.24
130     5.33
128     5.41
126     5.50
124     5.58
122     5.67
120     5.79
118     5.89
116     5.97
114     6.07
112     6.18
110     6.26
108     6.34
106     6.5
104     6.57
102     6.67
100     6.79
98      6.94
96      7.07
94      7.14
92      7.27
90      7.40
88      7.56
86      7.71
84      7.82
82      7.89
80      8.04
78      8.17
76      8.39
74      8.44
72      8.54
70      8.72
68      8.99
66      9.23
64      9.32
62      9.41
60      9.57
58      9.81
56      10.14
54      10.24
52      10.41
50      10.74
48      10.71
46      10.79
44      11.27
42      11.63
40      11.68
38      12.98
36      13.95
34      13.99
32      14.15
30      14.23