150     4.91
148     4.78
146     4.91
144     5
142     5.07
140     5.1
138     5.15
136     5.24
134     5.3
132     5.33
130     5.37
128     5.41
126     5.52
124     5.67
122     5.78
120     5.89
118     5.96
116     6.07
114     6.14
112     6.24
110     6.32
108     6.42
106     6.55
104     6.65
102     6.78
100     6.89
98      7.06
96      7.15
94      7.24
92      7.31
90      7.42
88      7.62
86      7.77
84      7.86
82      8.01
80      8.12
78      8.24
76      8.45
74      8.45
72      8.56
70      8.78
68      9.01
66      9.27
64      9.28
62      9.42
60      9.69
58      9.81
56      10.16
54      10.38
52      10.43
50      10.61
48      10.66
46      11.57
44      11.41
42      11.57
40      11.99
38      12.51
36      12.51
34      14.15
32      14.01
30      14.18