150     0.29
148     0.31
146     0.32
144     0.34
142     0.36
140     0.37
138     0.39
136     0.42
134     0.44
132     0.46
130     0.48
128     0.51
126     0.53
124     0.56
122     0.59
120     0.62
118     0.65
116     0.69
114     0.72
112     0.75
110     0.8
108     0.83
106     0.87
104     0.91
102     0.95
100     0.98
98      1.02
96      1.07
94      1.11
92      1.15
90      1.18
88      1.22
86      1.25
84      1.28
82      1.31
80      1.34
78      1.36
76      1.38
74      1.40
72      1.42
70      1.43
68      1.44
66      1.44
64      1.45
62      1.45
60      1.45
58      1.45
56      1.44
54      1.44
52      1.43
50      1.42
48      1.41
46      1.41
44      1.39
42      1.38
40      1.37
38      1.36
36      1.36
34      1.35
32      1.34
30      1.34