150     0.39
148     0.39
146     0.39
144     0.41
142     0.43
140     0.45
138     0.47
136     0.51
134     0.53
132     0.56
130     0.59
128     0.62
126     0.66
124     0.71
122     0.75
120     0.78
118     0.83
116     0.88
114     0.92
112     0.98
110     1.03
108     1.07
106     1.14
104     1.18
102     1.22
100     1.29
98      1.33
96      1.38
94      1.41
92      1.45
90      1.49
88      1.51
86      1.54
84      1.56
82      1.58
80      1.59
78      1.6
76      1.61
74      1.61
72      1.61
70      1.61
68      1.6
66      1.6
64      1.58
62      1.57
60      1.56
58      1.55
56      1.53
54      1.51
52      1.5
50      1.49
48      1.47
46      1.45
44      1.43
42      1.42
40      1.4
38      1.38
36      1.36
34      1.34
32      1.32
30      1.3