150     -2.9
148     -2.9
146     -3.2
144     -3.4
142     -3.5
140     -3.8
138     -4.1
136     -4.3
134     -4.6
132     -4.8
130     -5.2
128     -5.6
126     -6.0
124     -6.5
122     -7
120     -7.3
118     -7.9
116     -8.5
114     -9.2
112     -10.1
110     -11.2
108     -12.0
106     -12.9
104     -13.3
102     -13.8
100     -14.9
98      -16.1
96      -18.1
94      -18.9
92      -19.7
90      -20.5
88      -21.6
86      -22.2
84      -23.1
82      -25.9
80      -26.5
78      -28.3
76      -29.4
74      -29.9
72      -30.7
70      -32.0
68      -32.7
66      -33.4
64      -34.0
62      -34.6
60      -35.2
58      -35.5
56      -36
54      -36.4
52      -36.6
50      -36.9
48      -37.1
46      -37.2
44      -37.3
42      -37.4
40      -37.5
38      -37.6
36      -37.6
34      -37.6
32      -37.7
30      -37.7