150     -1.65
148     -1.6
146     -1.6
144     -1.6
142     -1.61
140     -1.6
138     -1.56
136     -1.52
134     -1.58
132     -1.47
130     -1.41
128     -1.31
126     -1.15
124     -0.91
122     -0.62
120     -0.21
118     0.2
116     1.29
114     1.77
112     2.45
110     3.15
108     3.95
106     4.82
104     5.41
102     6.28
100     7.15
98      8.19
96      11.58
94      12.99
92      13.92
90      15.42
88      16.72
86      17.39
84      18.43
82      19.21
80      22.12
78      23.81
76      25.01
74      25.92
72      26.81
70      27.47
68      28.42
66      29.09
64      29.52
62      30.09
60      30.54
58      30.88
56      31.22
54      31.49
52      31.72
50      31.91
48      32.11
46      32.23
44      32.34
42      32.45
40      32.55
38      32.63
36      32.67
34      32.75
32      32.8
30      32.81